0.0008302918389984281 1
0.0009398897709127416 0.21544346900318845
0.0015433397376154493 0.028338767124544258
0.0022387211385683377 0.003528735020846751
0.003911178998833161 0.0004393970560760795
0.006833062366443819 0.000051794746792312125
0.014377795681509714 0.000008483428982440726
0.025118864315095822 0.000002682695795279733
0.05285388593079236 0.000001178768634793589
0.16132152086836968 8.483428982440743e-7
0.5573831635270149 0.0000011158839925077502
1.4125375446227526 0.000002039500469005056
3.579696061042185 0.0000037275937203149457
8.526469262158768 0.000007602429140842648
19.088386974548012 0.000015505157798326253
45.46658208610357 0.000031622776601683795
108.29674028239062 0.00006449466771037634
257.9517398862521 0.00013153690504363777
614.4146161448629 0.0002682695795279727
3276.3071936272286 0.0011158839925077503
18587.918911465673 0.005179474679231213
99118.30032024505 0.02039500469005056
528538.8593079258 0.09466522603081899
1258925.411794166 0.19306977288832516
6713099.386829804 0.8483428982440722
